epoch:6
train_loss:0.38213623763651267
val_loss:0.6680101133883
acc:0.7899