epoch:9
train_loss:0.757845490365415
val_loss:0.5216032171818784
acc:0.8287898089171974