epoch:9
train_loss:0.35719436635168234
val_loss:0.6625503212213516
acc:0.7944