epoch:4
train_loss:0.39770648871757547
val_loss:0.6195090435445308
acc:0.8059