epoch:9
train_loss:2.4933585135304197
val_loss:2.474260628223419
acc:0.1003