epoch:7
train_loss:0.24364722177789017
val_loss:0.16797744364944303
acc:0.9452229299363057