epoch:9
train_loss:0.18631170941768466
val_loss:0.15517168695370812
acc:0.9523566878980891