epoch:7
train_loss:0.2628262512184478
val_loss:0.18143491413041085
acc:0.9393630573248407