epoch:0
train_loss:0.33653586277285136
val_loss:0.23800818168565752
acc:0.925859872611465