epoch:2
train_loss:2.073448990072523
val_loss:2.0267982989549638
acc:0.2259