epoch:1
train_loss:0.2100562591206383
val_loss:0.12610052911398129
acc:0.9602547770700637