epoch:4
train_loss:0.5145508382393389
val_loss:0.6773194402456284
acc:0.7807