epoch:4
train_loss:1.5504216521370167
val_loss:1.5166511714458466
acc:0.4261