epoch:3
train_loss:0.48897675075093094
val_loss:0.6069114580750465
acc:0.805