epoch:1
train_loss:0.49068388549129827
val_loss:0.514868825674057
acc:0.8258