epoch:0
train_loss:0.8003078976555553
val_loss:0.7330400163580657
acc:0.7474