epoch:1
train_loss:0.37954251012023615
val_loss:0.5189695991575718
acc:0.8249