epoch:8
train_loss:0.6730972723085054
val_loss:0.7755551010370254
acc:0.735