epoch:2
train_loss:0.6003959500385673
val_loss:0.6756946210079132
acc:0.7719