epoch:1
train_loss:0.49491103197378883
val_loss:0.5327777199114964
acc:0.8224