epoch:1
train_loss:0.3787907454736379
val_loss:0.5292475961148739
acc:0.8272