epoch:4
train_loss:2.6046402685496273
val_loss:2.3886996269226075
acc:0.0992