epoch:0
train_loss:2.521134025341756
val_loss:2.3083089415620015
acc:0.15414012738853503