epoch:9
train_loss:0.4550589411645322
val_loss:0.34584617083587876
acc:0.8973248407643312