epoch:7
train_loss:0.2311875797002702
val_loss:0.1606465942999258
acc:0.9500636942675159