epoch:6
train_loss:0.9399755423774525
val_loss:0.9748999521136283
acc:0.6503