epoch:4
train_loss:2.4295133545592025
val_loss:2.4128824239823876
acc:0.12993630573248408