epoch:9
train_loss:0.15387717191431974
val_loss:0.08529657501006319
acc:0.9778343949044586