epoch:5
train_loss:2.341397295127044
val_loss:2.3072946333303683
acc:0.09910828025477707