epoch:0
train_loss:0.818083185626536
val_loss:0.7116259321570396
acc:0.7523