epoch:5
train_loss:0.4218641679201807
val_loss:0.6803997054696083
acc:0.7842