epoch:1
train_loss:0.49044228968571646
val_loss:0.6066395536065101
acc:0.8014