epoch:7
train_loss:0.20026708001623283
val_loss:0.14755155573463222
acc:0.9518471337579618