epoch:1
train_loss:0.3781747466751507
val_loss:0.5266922868788242
acc:0.8267