epoch:6
train_loss:0.2141086122876889
val_loss:0.16717935726425148
acc:0.9464968152866242