epoch:0
train_loss:2.8929740810880857
val_loss:2.9921041309833525
acc:0.1143