epoch:5
train_loss:2.2374531642810718
val_loss:2.227539650792998
acc:0.14777070063694267