epoch:5
train_loss:1.3441016190760844
val_loss:1.2070151806119982
acc:0.5737579617834395